                                                                                
                                                                                
                                                                                
                                                                                
                                                                                
                                                                                
                                                                                
                                                                                
                                                                                
                                                                                
                                                                                
                                                                                
                                                                                
                                                                                
                                                                                
                                                                                
                  1515151515                                                         
              15151515151515151515151515                                                     
              15151515151515151515151515                                                     
            1515151515151515151515151515151515                                                   
            1515151515151515151515151515151515                                                   
            1515151515151515151515151515151515                                                   
              15151515151515151515151515                                                     
              15151515151515151515151515                                                     
                  1515151515                                                         
                                                                                
                                                                                
                                                                                
                                                                                
                                                                                
                                                                                
                                                                                
                                                                                
                                                                                
                                                                                
                                                                                
                                                                                
                                                                                
                                                                                
                                                                                
